8e3	,14.358750920584345,2.263289695082411,216.09041288204247,0.019022083793626715
9mu	,17.95620111977932,2.085136326263017,200.0313371768644,0.002260847860771519
9my	,24.13921715752188,2.19296964438476,236.42858120493707,9.016253207869942E-4
9px	,10.387130141369159,1.3347153993833403,152.05986095758917,0.015520681831402823
9q4	,15.419283588888439,1.5948286646207042,209.64660088711867,0.0018612555736924573
9qb	,12.028085948678742,1.7818358975757342,183.23585805590002,0.004948147340592352
9qd	,13.049081591180864,1.6249572662024088,203.80320310462824,0.004449355314738374
9qs	,26.690284562700022,2.135814007018119,227.80007884793858,3.697527553926366E-4
9qt	,18.578921465093654,2.6275018296486388,222.83403490331105,0.0010287782858770728
9qy	,10.364036063478292,1.7826214014713322,200.4593279573548,0.003483960455281078
9r0	,15.882339074615034,1.6661297193659836,193.6877912042123,0.008337728410458411
9r6	,7.000517059200963,2.4897251300588574,192.36698211800845,0.0031699106766518476
9rb	,11.482708455097548,0.9570419022378153,146.6144889963948,0.009404132934429509
9rd	,7.802356877152247,2.154241256003149,185.577414748189,0.0024734829726710847
9rf	,11.773508236378019,1.8078236378297656,165.1806589102638,0.002361191107015352
9rr	,10.12402564020188,1.7318930533689958,197.2395682721246,0.002795092589617577
9rs	,9.625883283251511,1.867428809684705,181.42674219659827,0.002582203499489614
9rx	,7.811017894093473,2.5388665823246592,192.25949920125225,0.0029837784520376992
9t8	,21.742839583109024,1.534994381581441,234.38215305651786,0.0024730855667978676
9t9	,15.659695459985056,2.0497851368842857,231.18933010965395,0.004061836031943801
9tn	,19.78675907499217,1.7064183802191237,247.9654150320075,0.0028696477562522005
9tu	,16.02115030492073,1.9822466071989524,220.38800654842845,0.0020727770736892943
9tw	,18.737617295196497,2.4886281168399265,225.55715795226817,0.003615959191109531
9ud	,23.110720288318443,2.554617858416254,189.71480715267958,0.006156610989981084
9v5	,21.34240518794645,1.7219151585004524,191.3396748050508,0.008590894833208042
9v6	,19.497198537175024,2.1159991769770192,192.06894777967477,0.008027659454600197
9v8	,18.041115629656694,1.9400738956371697,209.11120321057098,0.005393652267550868
9ve	,19.269785443286885,1.5965083414496617,185.3720969672302,0.010562605691470368
9vq	,19.13378925467503,1.371435421128253,181.01391524737033,0.01690330913599315
9vy	,16.394797326231153,0.6329086198989737,170.71866809607832,0.013961059667813384
9w2	,11.8056936565237,2.6716908677630506,220.05446488262373,0.00340305235612096
9w5	,15.604933749782287,2.0864821696946456,228.21008117696374,0.0019057161259981095
9wb	,11.436235028780432,2.2159014531637373,200.66719398853076,0.0023844390168297727
9wd	,9.241308171012772,1.9603935367104977,218.45431436346274,0.00429273212726918
9wg	,6.623204748230807,1.7079534398799605,204.83451893938422,0.00516449483448072
9wk	,5.978757995529453,2.017648921167512,203.1111575180536,0.006007120887507097
9wn	,14.956786061540537,3.1179888085721803,218.0396095031379,0.004513401231597307
9ww	,12.37785796795509,2.466210453988718,208.33699126676692,0.0029500801625158657
9wx	,14.155270945875754,3.4887588149347257,211.62930310454675,0.004419270354485802
9x4	,10.086010720324712,2.0616667564732425,199.2602308795644,0.0028981825739556426
9xc	,3.753529056745489,1.4601462694974792,178.50885315379355,0.005888869516235191
9xd	,8.815350008755527,2.181630365970364,188.92191376732532,0.0034331434113226878
9xh	,2.5792946646468065,2.534644466747281,172.64480039176328,0.00954223428843521
9xm	,9.308965853658671,2.9504349422337666,189.1877894736842,0.003489345314505848
9xr	,9.677720759524172,4.674590483088421,188.18415098022598,0.004027492044412657
9xv	,5.93115326819909,2.695510776458325,168.88097614694826,0.007308082479371961
9xw	,8.330213737715795,2.680980140097112,194.08118440971955,0.003424935211556767
9y6	,15.969898073760621,2.0460397034650595,188.8947014485561,0.007812897422376173
9yb	,12.270691004312008,3.2847064855494015,199.38580093797788,0.004382770665943893
9yg	,13.694011580606563,2.674935643763283,183.61164539035585,0.007617287546578505
9yq	,13.648323987577019,1.6665558331791843,171.3614576344256,0.012285697804683138
9ys	,14.036902320696171,2.141057392217744,178.81170851255376,0.01143668100430097
9yw	,12.82680824340588,1.918287186322632,176.15691948837568,0.010677210160715503
9z5	,12.393907683944596,2.775256078193085,183.52137093765654,0.007939756339334175
9z7	,12.35143447375692,1.1890335169014912,181.01424495277752,0.008737911207719511
9zb	,8.911507479861923,3.3956963071453052,175.66835704571608,0.0042433831990795045
9zg	,7.972263701101218,2.3214955140069553,168.57261243738955,0.006436720310359672
9zj	,12.034771326964956,2.421532326427696,173.50894223214655,0.009312068395153455
9zm	,10.229353422208392,2.7254736925139906,171.03689358681075,0.008624806079250986
9zz	,8.072288364087408,2.5597680773561575,156.5081601930262,0.007692447693903643
b3v	,5.429857995413569,3.751557029725546,108.05665584184364,0.01082446694868129
b4n	,2.7903720114715544,4.654467318173779,91.11908988351705,0.006186780476533601
b7y	,0.11539796508660176,2.7195487800728264,52.929594718753194,0.0054956273182019235
bd3	,2.7753930636384223,3.295353970424407,98.61754647450573,0.007604230151036354
bdd	,3.1915536292807087,0.8597330552545797,94.22224575753378,0.00535518858573623
bdv	,2.211408130099589,0.9218924388334444,97.92214010850985,0.004502906413757888
be6	,0.9830577052192652,0.8795175624580022,91.28280151242093,0.003048694300151923
bek	,-0.6829810552685323,1.3415316267418373,54.754462188821044,0.01156646312822916
bex	,-0.10703165630301092,1.320375805539936,93.48984171848502,0.004233747880158422
bfp	,6.7587367022387586,0.3455019305555613,69.7561857002677,0.027408885837310076
bfr	,5.557031937642426,1.1989224529214102,87.23734841691385,0.015151272677103587
bg0	,-3.04306004600367,0.6436457478807447,89.1487437468835,0.006213305666811726
bg5	,0.18182492985225698,0.46515669571024837,108.44486502871978,0.003736291068500052
bkh	,-0.8799766635442164,2.4435351772421336,87.5483508356752,0.006906933556837743
bs1	,-6.858061728241502,2.3861056119974187,87.9108273126329,0.0030043398783838916
bs8	,-7.32378104585977,4.214054618507752,94.26049565350465,0.0020959799794153084
bsq	,-1.7129889131224871,3.9382363685932176,105.55335332606325,0.00270628862231914
c0r	,9.835541508468692,0.5278442026366144,112.76223537610498,0.039120527671831426
c1f	,8.418878055006468,2.2300780816445664,100.69039268352239,0.026050245288462056
c29	,9.695659263278664,0.48903292276076354,120.0152781465363,0.022651425075319958
c2k	,8.302946621029912,1.435438374715081,163.17525670731328,0.003891453028618435
c2p	,5.252941366909271,2.2114744470014767,175.9174447810803,0.002568114800316245
c2x	,5.347383117565889,3.0433200865652217,153.04814499122725,0.00654552700182112
c83	,6.21000834231019,2.4620658421549524,160.7341988817525,0.004093131498025255
c8n	,7.656941409288587,2.6759990263984683,172.31235415817852,0.0049389117885169
c8q	,6.7494171511352326,2.934170592416592,160.02167338300995,0.004325487238947896
c8t	,5.694903592428005,3.425533732522053,158.96363007797413,0.003649821337417063
c8x	,3.5639724268249187,3.1106716006613646,150.99767870572234,0.004127559871745192
cb1	,6.072099688505982,3.7995485304250036,170.90336355705526,0.004296204700439433
cb3	,7.105410670155354,3.5659254090550316,167.9317181114826,0.005042399573581522
cbe	,4.058932171303163,1.8588420819349978,148.36366840490552,0.0060301668549091305
cbj	,5.887684612034093,1.5613652117677594,149.34507899217337,0.008305198833264957
dhw	,23.481441839169708,1.0187000342631527,194.6995855076243,0.011875646223025334
dhy	,22.174889472982308,1.5594376143122235,192.73638246587288,0.013230538160588097
dj3	,20.49165602760677,1.3654811593837293,194.24728124618153,0.01593246619728407
dj8	,16.500116850514004,1.3642193685813104,178.07669532141497,0.015501559528337507
djc	,17.548681502271858,1.1324247193264565,184.74530874097834,0.012315891472867992
dje	,18.18142462197445,0.9622092629156332,179.7951902631935,0.014036783558803608
djn	,21.96350396934065,1.924485384919698,192.31097423730876,0.011221522645010067
djq	,19.4663480697105,1.4783541962627365,185.78004033668662,0.011522420931272375
djy	,17.092585883536437,1.6328457984539326,177.61018556638155,0.011809767775185413
djz	,17.838583478279496,0.8350098543025446,172.68018142882818,0.014570050840280674
dn0	,14.42379828690667,1.2792401181695596,169.62559752013976,0.01338354120159155
dn4	,14.395138874063841,1.8380486265086176,173.16772851622662,0.014539155257756153
dn7	,11.923574348123998,1.6242318591519465,157.05162626866024,0.016013736401168273
dnd	,14.333632276567439,1.03411564994972,182.6636384776374,0.013461747151383081
dnf	,12.687164215542808,1.6878523527482647,165.50326661088803,0.011089692564740544
dng	,13.15922160167194,2.5463419699239815,171.94674373716526,0.012613311881073074
dnh	,15.909953293949366,1.6183932874906375,176.61715053484977,0.014070921294363492
dnm	,12.826557092137087,0.9328569903419677,168.46718598703976,0.013550537527621106
dnr	,15.14341723498417,1.2810217256920449,179.26910594639867,0.012096195262024038
dnz	,8.370205360342055,1.6883192017454416,153.90275025821546,0.012882316983199351
dp1	,11.053362631542583,2.895076882337865,170.75718217765817,0.009271457416172788
dp2	,9.25537200832498,2.7407417013528073,163.70856399583766,0.008727887617065397
dpg	,6.781693452302116,1.841935343800587,149.18439196166167,0.009510445074002057
dpj	,11.044449039536861,2.3075136129624965,162.39636386772494,0.010329415133054102
dpz	,7.773839151024295,2.3762798525574116,158.10614563246887,0.007301299961958677
dqb	,12.616635769228795,1.763156040890519,162.40140480352173,0.011606549079844604
dqd	,15.78402580524882,2.464780578616746,179.93687968151957,0.011030564907932158
dr4	,11.8851402635693,1.5589958040926704,169.08288961150274,0.011593469047599822
dr7	,9.862817442075922,1.1328068237110338,158.1075653835918,0.01069981747164595
dr9	,8.03130597065045,2.4499291899948146,148.0445214215706,0.009289617486338471
drm	,10.38366169210505,1.9621396003108678,167.6736973440262,0.011364959254946835
drt	,8.913354559743501,1.2587036689761952,155.1239033208988,0.010329931261508678
drz	,7.098489992440515,1.5466998219855888,145.29834638863525,0.011230088519552537
f04	,5.298891274643785,1.7052618127400228,145.2806402498536,0.009219077363523525
f2r	,5.073190745001937,1.6478650928976888,125.01523554113486,0.011378924076127377
