8e3	,  19.65,-155.08,14.351260775884443,0.020506894088939482,2.140883771394522
9mu	,  33.44,-117.19,17.68524417768292,0.0031827279929944677,2.1218493677287156
9my	,  32.84,-114.19,23.87295572179185,8.614751590200348E-4,2.250042149260909
9px	,  43.27,-124.32,10.220597927128539,0.016646935213876484,1.310535826477467
9q4	,  34.41,-119.88,15.253421645202303,0.003276399796357008,1.6465746327509796
9qb	,  38.32,-123.07,11.917748128342625,0.007208324156656773,2.1739098031547033
9qd	,  37.24,-120.88,12.863747757187985,0.006448749049047314,1.6705189616317988
9qs	,  36.60,-117.14,26.277137606547807,3.925657534603628E-4,2.1743383729116017
9qt	,  36.62,-116.02,18.165927597792834,0.001178245920000426,2.6903131110861613
9qy	,  39.01,-114.21,9.930231997037973,0.003449657710424544,1.7962396817408033
9r0	,  40.65,-122.61,15.378511396709346,0.011483222294562319,1.7270719953386
9r6	,  41.85,-119.64,6.477245786755783,0.0036673665096748553,2.5832343670204163
9rb	,  44.42,-123.33,11.210642940601318,0.010201271201478573,0.954900202023898
9rd	,  43.47,-119.69,7.440407057014175,0.002590234086812337,2.1679201660740555
9rf	,  44.56,-119.65,11.521309079580412,0.0024551614753344905,1.8128046789258272
9rr	,  41.62,-112.54,9.520078454618565,0.0033908676310502443,1.7823663956359268
9rs	,  43.20,-116.75,9.465105182275162,0.0026358539532857586,1.9210009792296883
9rx	,  43.46,-113.56,7.0381370628984685,0.004028428475533264,2.579187864611883
9t8	,  32.24,-111.17,21.57160588055756,0.002480109803798811,1.5300718760844996
9t9	,  31.59,-110.51,15.514933253376546,0.0038525316785732633,2.0968207618502097
9tn	,  29.35,-103.21,19.92039878640418,0.002813774076667259,1.7889219363817348
9tu	,  32.61,-106.74,16.009630291568993,0.0021471508136079675,2.0478547195496595
9tw	,  31.62,-102.81,18.59850605792768,0.0036127866465602777,2.506927720867228
9ud	,  26.53, -98.06,23.191465260529988,0.005394208137735428,2.3767085993681687
9v5	,  28.30, -96.82,21.37604121510426,0.009469710283597511,1.5926772893847145
9v6	,  30.62, -98.08,19.514173999088932,0.008703827103945376,2.001585659477458
9v8	,  32.04,-100.25,17.733223909426023,0.006566605837040679,1.8621700947331499
9ve	,  31.78, -95.72,19.201026370157013,0.011173164807647495,1.6161495371681456
9vq	,  30.09, -91.87,19.57357997141291,0.01748694612175855,1.409207213908796
9vy	,  32.88, -92.12,16.94930452267494,0.015612946186469419,0.6353453251741581
9w2	,  35.76,-112.34,11.367569426989759,0.0032736541572411723,2.7931878572854965
9w5	,  34.36,-106.89,15.401653342296118,0.0019501063015336063,2.1084544930738867
9wb	,  38.30,-111.29,11.073948306364246,0.0020802671297060864,2.2201731214374107
9wd	,  37.26,-108.50,8.853071827057287,0.004609752172513517,1.9667682652076486
9wg	,  38.54,-107.69,6.247230939055584,0.005058002720274624,1.770124654793417
9wk	,  35.86,-106.52,5.729210340356396,0.006044970547495763,2.0752141055571305
9wn	,  33.96,-102.77,14.882784919377793,0.004632032071326904,3.0917590563588253
9ww	,  37.86,-103.82,11.763904579906832,0.0033206066209592023,2.389950653849741
9wx	,  36.60,-101.59,13.67058468409585,0.004627319930715298,3.423361273557986
9x4	,  40.24,-108.97,9.592951368852509,0.002830405419845775,2.066062009788264
9xc	,  43.66,-110.71,3.1831616482316614,0.006366403387323488,1.451286934392586
9xd	,  42.68,-108.67,8.038256784467508,0.0041737591814059085,2.2222103819329324
9xh	,  40.04,-105.54,2.2813424556465782,0.008995599292923472,2.5813796607521877
9xm	,  40.81,-104.76,8.767513924226375,0.0033150884094845135,2.9199095727052002
9xr	,  42.07,-101.44,8.944181746719304,0.004599683425845587,4.702587793178812
9xv	,  44.52,-104.44,5.412633444373753,0.007227752855176188,2.706427822146602
9xw	,  42.42,-103.74,7.624688092757046,0.0037595843017818806,2.650496820817231
9y6	,  36.12, -97.09,15.453699675010292,0.008727469286157696,2.038784999766257
9yb	,  38.87,-100.96,11.723939077115011,0.004588019726190975,3.302882221623451
9yg	,  39.10, -96.61,13.236124289709522,0.008051165992212644,2.6570036820808074
9yq	,  35.82, -91.78,14.166769758500502,0.012924253687375245,1.69300829341339
9ys	,  37.43, -94.58,13.690149088737371,0.01115151859149472,2.016361745603329
9yw	,  37.63, -91.72,12.70546764301735,0.011225089962196545,1.8274016564810862
9z5	,  40.70, -96.85,11.454692538997211,0.008035691172442821,2.7812393540275626
9z7	,  40.85, -96.57,11.317585595735672,0.008725956254121366,1.1270194273469298
9zb	,  44.02,-100.35,8.112372818730831,0.004545787973711964,3.434120550862845
9zg	,  43.73, -96.62,7.3831471144767375,0.007373806192425556,2.308585838337208
9zj	,  39.87, -93.15,11.752788442312484,0.009148806831981639,2.5189501892779824
9zm	,  41.56, -93.29,9.874670332867785,0.00879252181655497,2.6726941703889997
9zz	,  44.06, -90.17,7.710190313025017,0.008719730727457818,2.445316490789916
b3v	,  55.35,-160.47,5.323840723022048,0.010956132223628496,3.588686160650312
b4n	,  57.16,-170.21,3.177528075920719,0.006439748128156065,4.517979652467451
b6g	,  61.35,-164.08,-1.8192439562993656,0.004171025104602482,4.992042799860637
b7y	,  66.56,-159.00,-2.152868693825375,0.0030276578762617164,2.53509160119915
bd3	,  58.21,-155.92,2.781924421637766,0.0071524571143791104,3.3593512377066492
bdd	,  60.20,-154.32,3.058610698549757,0.005403420692239222,0.8064285399371995
bdv	,  60.72,-150.45,2.2272408932248244,0.004269919672424359,0.8892943787480991
be6	,  64.50,-154.13,-0.7910657840255725,0.003324294846547819,0.9175307763000884
bek	,  63.45,-150.87,-0.4228626396224749,0.0068036193609836045,1.4909305188760786
bex	,  64.97,-147.51,0.24890170185064966,0.004263139445878978,1.3187500017886375
bfb	,  60.47,-145.35,5.0026236484181394,0.03272044673913676,0.9784894233492233
bfp	,  57.06,-135.33,6.5887492432836225,0.02428966064309239,0.3357788369875731
bfr	,  58.43,-135.69,5.150938582543208,0.014000511102276934,1.1864183088196072
bfs	,  59.51,-139.68,4.30356119927709,0.033725880670522755,0.6332022110494974
bg0	,  63.03,-145.50,-1.994000859151207,0.005519597816533202,0.6440539360094807
bg5	,  62.74,-141.21,0.5971879458785248,0.0038387216369759184,0.4762971250313326
bkh	,  68.03,-162.92,-1.1928875580689926,0.005650833367732459,2.7254928284968205
bs1	,  68.49,-155.75,-7.233440671043905,0.002725527001979301,2.5947845849960753
bs8	,  71.32,-156.61,-7.686849707681989,0.0019937652955089188,4.209386550155654
bsj	,  68.65,-149.40,-7.1089396384764045,0.003985366903378568,2.8287880890897465
bsq	,  70.16,-148.46,-4.027774774184543,0.0030237993818059547,3.96517082254796
c0r	,  47.51,-123.81,9.744611827283352,0.039084962024155095,0.5363854422752015
c1f	,  55.05,-131.59,8.232065096490702,0.024359045659312874,2.234558353261973
c29	,  48.54,-121.45,9.455919811621513,0.021418909616335677,0.5021316857359679
c2k	,  47.42,-117.53,7.678974493447694,0.004613574673460554,1.4755052338397325
c2p	,  45.16,-113.01,4.355513415383153,0.002537871308850084,2.18224237363454
c2x	,  48.74,-113.43,4.680667543283411,0.0063802341872240785,3.0186167457889566
c83	,  46.88,-110.29,5.490418342829601,0.0042814580902037205,2.4389387657034045
c8n	,  45.52,-103.30,6.842533672632523,0.00447757946034003,2.734333436247692
c8q	,  46.89,-103.38,6.218330504742433,0.00419953160178734,3.012416833249411
c8t	,  48.31,-105.10,5.19196676204534,0.003224526447020622,3.516053343017603
c8x	,  48.97,-102.17,3.3152018002601094,0.00393476807619182,3.2627077905821524
cb1	,  45.71, -99.13,6.039971412052929,0.0043744272359115014,3.9011263401467455
cb3	,  46.77, -99.48,5.475831342968135,0.004753337141640492,3.5035312453613154
cbe	,  48.31, -95.87,3.5917098133900565,0.00551995504628648,1.8590158445436131
cbj	,  46.11, -92.99,5.364491853771696,0.008569333091119423,1.4293351652972266
dhw	,  25.90, -81.32,23.579918843763558,0.013213095414512713,1.0208899146017067
dhy	,  27.15, -81.37,22.257948721693804,0.012832140248356265,1.6251681081083715
dj3	,  30.55, -87.88,19.742855340813314,0.016085595639149845,1.5603977879554611
dj8	,  32.34, -89.07,16.970439191160537,0.015225983921216041,1.3613788753021605
djc	,  32.46, -87.24,17.579782817476264,0.013550201804079428,1.1431417308956944
dje	,  31.31, -84.47,18.537988225497696,0.01341391457378218,0.9574505668012199
djn	,  28.62, -80.69,22.089867884473623,0.01121340560414915,2.0239648518718925
djq	,  30.81, -81.46,19.810891347824512,0.01121673503350177,1.512371210020222
djy	,  33.36, -81.33,17.477001807279976,0.011741207892616913,1.690962198562301
djz	,  33.15, -79.36,18.165201998954785,0.013975652113153396,0.859933766061908
dn0	,  34.82, -89.43,14.924019392122405,0.014055512710467217,1.217380160836269
dn4	,  34.29, -85.96,14.866784104901871,0.014547083814152616,1.8541068032520875
dn7	,  36.01, -85.13,12.433859264125973,0.016139662253371875,1.6727831673518667
dnd	,  37.25, -86.23,14.229393934109877,0.013778955684105781,1.0212286692626866
dnf	,  38.89, -86.57,12.559880531026517,0.011993184602308105,1.6956399810064255
dng	,  38.09, -84.75,13.05818353261278,0.012836674912905202,2.6424711794622557
dnh	,  33.78, -83.39,16.363539089497003,0.01287353342487921,1.6754574141680412
dnm	,  35.42, -82.56,12.777801910982785,0.013502057050984586,0.9275647327416012
dnr	,  35.97, -79.09,15.129896649167316,0.012330037612061936,1.298189917859674
dnz	,  39.01, -79.47,8.217815832751327,0.01366816454268904,1.7176122719498652
dp1	,  40.05, -88.37,11.547988226605344,0.009424078154254781,2.963178571319349
dp2	,  41.84, -88.85,9.00363012675484,0.009149938028790052,2.7365161549053534
dpg	,  44.91, -84.72,6.254097356942556,0.010220347565667844,1.8248417545809106
dpj	,  40.37, -81.78,10.61871074485734,0.01024003153597602,2.309903781957536
dpz	,  44.23, -79.78,7.81181687422672,0.007720119314768473,2.3963117425571667
dqb	,  38.00, -78.47,12.963671159687644,0.01197403287541288,1.7286646320007517
dqd	,  37.29, -75.93,15.386161815626698,0.011065016096378383,2.3736542099499642
dr4	,  39.86, -75.79,11.924400562414679,0.01161311524509885,1.583205694588031
dr7	,  41.79, -73.74,9.640799183244287,0.011092711606467324,1.1248670035145805
dr9	,  42.44, -76.25,7.948918294417981,0.010002012281857205,2.557304694168074
drm	,  41.49, -71.54,10.089323987029315,0.012096115016825571,2.026306021815967
drt	,  43.17, -70.93,8.550424227631751,0.010940513515979865,1.2772013728869658
drz	,  44.93, -68.70,6.625526708453451,0.010883155496809805,1.6039310985381163
f04	,  46.33, -86.92,4.8735822193035085,0.009943910493634854,1.6514620817175554
f2r	,  46.96, -67.88,4.364436064449841,0.01143598749064083,1.6351705764242186
